wss

33555 Totiens, 386.

3135274.
Erinyes, 416.
3115, 534, 683.
31151, 468.
Erum, 542.
315515, 365.

INDEX

3511515555, 143.

355515, 484.

Fecere (13415111), 333. 35555, 276, 573, 615.
--,1111115151115, 331. 35115515, 582.
Fsoeiui, 340, 431, 532. Foedera Regum, 659.

35555115, 714.

35115 35115, 224

Fallere, 182, 279, 632, 643. Fomenta, 302, 563.

Familia, 68.

3135155315 51 Venus 51, 3115511555, 729.

1153111155, 212, 295, 411.

13551551, 674.

35135111), 317, 512.

-14ρεστι), 516.
35155, 530.
Est qui. 694.
3515, 468.
3111551, 660.
315515 flabra, 249.
311515, 472.
311511555, 390.
3535515155, 711.
35155, 202.
Eumolpus, 727.

351, 384.

151111,Ηο1555’.5,624
351151, 482, 581, 589.

355, 131.
Fasces, 582.
3555151115, 484.

35511, 184, 252, 661.

3551111551, 601.
Festo, 437.
3515115, 83.
351515, 264.
35555115, 186.
Faunus, 131.
351515 linguis, 137.
351115, 467.

35515 Bello, 625.
-- 351155, 625.
Fordicidia, 670.
3515 (abl), 343.
3515115511, 72, 588.
35155515, 718.
35155, 524. ,
Forma, 473.
35151515, 200, 373, 669.
35115155, 183, 381.
Formido, 577.
3511511515555, 287 .
35151515, 467.
351511, 616.

3515, 29, 65, 325.
351511, 396.
35115555, 401.

Euripi 551115511515555714. 3551, 555 pled 111111 desire, Fortes 515551, 228.

3153511,.258

315515315551131155 51161. 3551153, verba 51, 443.

31511515, 956.
315515718.
3155155195.
3151515415, 449.
3155151515124.
Excipere, 554.
31555515, 252.
31555155180.
31551515168.
315515151313.
Exemplar, 668.
315151151, 63.
Exigere, 177, 495.
Exilis, 19, 20.
31115515, 177.
31151, 717.

Exps 11555515, 567.
Expedienoy, 356.
Expedite, 53.
Expeditus, 285.
Expendere, 668.
315511555634.
Expertus, in, 226.

Explioare, 243, 485.

31355515, 413.
31555555, 286.
31551615, 171.
31151151, 504.

Extremus, 169.
311115515, 355.
3111151515, 450.

3.
Fabula, 613.

629.

3555518115575.
Felix, 337.
3515111551, 524.
3515, 577.

351155 Latinae, 592.

-155155155 669.

3515, 351.
Ferox, 96.
35115, 598.

—- pedem, 113
351515, 357.

3115115515 (11555.,) 564.

3551 1555, 531.
3151115, 702.
sicennam.
3115, 355.

-, 35511115, 162.
Fidens, 151.
Fides, 56, 78, 580.
Figere, 179.

3135, 458.

lig -1155, 411.
Filum, 676.
3151515, 4.
Fingere, 159, 222.

3153515, 55515551, 540.

31515, 129, 318.
3115155, 634.
lirul-Fruitur, 504.
31511, 451.
-, ambly, 499.
Fistula, 190.
Flagellum, 857.
Flectere, 163, 218.
¹ Floralia, 477.
l llowers, 574.

351115, 440, 457, 579.

351151155, 121.

3511555, 11, 76.

35115555 illius, 520.

Fortunam, 607.

Fortuna-bellem, 81, 337,

351515, 481, 520, 627.

355551, 187.

Frater, 641.

Fraus, 132, 265.

3115515513, 522, 589.

-—-- ,33111535ηέ 15-
6511155 51, 1211

3113515, 189.

3111111115, 476.

3153, 151115 51, 489.

315515, 15, 413.

31551155551151515, 334.

31531, 510, 526, 625, 627 .

315155515115, 471.

3155115, 163, 175.

3115115601.

Fuga, 239.

Fugere, 65.

35331155, 534, 598.

351351, fulmen, 107 .

35115, 454.

3511515515, 144.

i Fulvus, 227.
, Fumarium, 165.

3511155151 51551551, 622.
355155, 711.

3555115 equus, 170.
Funambulua, 676.
35551551 laboribus, 136.
35515155, 622.

Ξ 3511155, 35, 138, 512, 563.

 

