9111501, 667.

Stella, 213, 309.

Stesichorus, 42, 319, 707.

---, 511 suble, 601.

8150505001, 162.

8111515 1011010, 433.

Stipatores, 359.

Stipendium, 318.

811151, 213.

810101, 182, 335, 355, 357,
467, 548, 557, 599, 633.

81011, 340.

810501, 51101051, 252.

8101111, 453, 544.

Strabo, 951.

Stragula vestis, 473, 523.

8111011, 582, 687.

Strenua inertis, 607.

Strenuus, 210.

Strigil, 534.

Stringero, 338, 511.

81111151, 10151 01, 4.

Structor, 524.

Studere 11115 15 accusative,

Studio, 370.

Stultitia, 5111, 467.

8155010, 366, 577.

Styx, 113.

8511011, 580.

Suaviter, 418, 595.

855, 277, 441, 452, 528, 684.

-- in composition, 16.

—— 11115 uec, 27, 129,
277, 439, 534 625, 693.

—- 001051, 629.

Subinde, 595.

855110, 270, 419.

Subjunctive, 329, 330, 518,
520, 522, 529.

85511511, 41, 204, 713.

8555111010, 229, 496.

Subscriptio, 435.

85511115151, 507.

Substringere, 511.

Subsutu, 340.

85510505, 305.

85550511, 556.

8500175015, 377, 414, 524,

850051 (sapor), 492.

850100, 372.

Suetus (trisyll.), 414.

Suevi, 198.

suicide, 629.

85111, 312.

855105, 622.

855010, 567.

85551237.

Summum, ud, 557.

355501010, 107, 122, 129,

TO THE NOTES.

Summum (τέλος), 522.
8551 qui, 2, 365, 438, 577,
8501011511111, 628.
85501101, 573.

Super, 47, 297, 515, 531,
85501110, 456.

8550150, 134.

Superum, 272.
8550510551, 135, 619, 724.
85515111 nusum, 529.
Supinas, 195.

8115501011, 609.

Surenas, 158.

85111105, 721.

8515051010 5110, 391.
8511001, 600.

8551, 298.

8110111111 51151, 620.
8111551511, 439.
8155011505, 458, 522.
8150051, 80, 385, 476, 509,
SJT'TR, 109, 83⁷-

811151, 190.

T.

Tubelle, 533.

71501110, 519.
Tabellarius, 612.
Tnbeme, 369, 376, 717.
715101, 349, 403, 419, 537.
Tabulae, 446.

Tueda, 229.

Talentum, 431, 532, 580.
7111, 527.

71151, 476.

71505, 26, 327.

71511, 511, 722.

715155, 489.

Tantus, 464.

71111, 65.

Tartarus, 115.
Tauriiormis, 255.

70111, 15.

Telegonus, 272.

Temere, 457, 668, 712.
7150155, 692.

Tempe, 24.

7055011110, 199.

705510, 11, 121, 158, 457.
Tenex, 275.

Tendere, 438.

Tenens tuis te, 490.
Tenere, 626.

Tentare, 162196, 332, 476.
70515101, 152.

705511, 123, 703.

767

Teum, 551.

Ter, 66, 118, 551.

7010500, 673.

70105111, 110, 279, 306.

701010, 283.

70101, 6, 94, 302, 303. 532.

Tereus, 250.

7011010, 451.

701515111051, 317, 509, 566.

Terminus, 129.

7011101511, 377, 379.

70101, 616.

70111, 29, 192.

Testudo, 224, 308.

7011105011, 348, 706.

7011150101, 11005110, 706.

7011111050, 349.

Thamyris, 727.

7515151, 88.

75011101, 664, 673, 674.

Theatrum, 649.

Theognis, ⁷OEG

Theomnestus, 685.

7501505051, 498.

7501511, 714

7501115151, 683.

7555101, 75.

Thunnus, thynnus, 498,

71501151,120,176, 225, 240.

--, 511 0551110101, 596.

7117111ἐ 190, 260, 616, 707,

Tibullus, 72.

71551, 97.

Tigranes, 565.

Timere, 365.

71501 Deorum, 488.

7110, 339.

Tirocinium fort, 339.

Titius, 220.

711511, 392.

Toga, 283, 285, 312, 980,
454, 617, 639, 662.

Togum componere, 470.

Togatae, 662, 721.

7051010, 3, 149, 361, 506,

70111, 500, 575.

7015051515, 193.

7015011, 533, 577 .

70515010 11110, 639.

7011010, 385.

--- jecur, 218.

7011510, 345.

70151, 500.

71151, 127.

7110551, 379.

71511010, 421, 596, 642.

Trageslluns, Roman, 672.

71510111, Greek, 713. 716.

-·-v- 110515, 714.

 

