760 INDEX

Importunas, 261, 412, 682, 11111111, 20, 92, 94.
694. 1111111611, 922.

111116111, 122, 216. 1116161, 940.

111111111484. 11161611, 161, 928.

Improbns, 168, 201, 849, Insulae divites, 240.
610, 618. Intentus, 292.

Imum, ud, 699, 710. Interminatus, 141.

11, 901, 942. Integer, 162.

- 61111116, 712. 11611, 661.

nnn 6·

.. ‚ ,

- spem, 271.

11111611, 902.

lunis 172. 944.

11111111, 191.

11111111 299.

111111111, 499.

Incestus, 142, 146.

1111111111, 617.

11116111, 409.

1111111111 211.

111111, 169.

1111111111, 474 607.

Inconsultus, 674.

111116111111, 611.

1111111111, 267, 917.

11116111, 616.

11111161, 17.

11111111, 228

Indi, 96.

1161169.

1111116111, 126, 180, 960,
499 (bis).

IndIgnus, 467, 669. ’ J.

Induosre animum, 947.

11611168. Iuniori, 479.

1111111, 122.

humori, 286.
1111611, 962. 11111111, 916.

1161611, 466.
11611111477.
116111, 606.
11611611101, 606. 11111, 11, 684.

1111116111, 9, 6, 22, 76, 11611 plorare, 496.

16696·

11611116, 998.
Interim, 276.
11611111, 128.
1161111111, 67.
Interminatus, 287.
Interpellare. 406.
Interpointiou, 294.
116116161111, 477.
1161116111, 277.
116111111, 940, 666.
Inulae, 469, 642.
1111611, 641.
11111111, 709.

11 Triumphe, 229.
111111, 299. .
1111, 21, 696.

Itu, 468, 616, 712.
1611111, 26, 192.
Irory, 69.

Ivy, 6.

11111, 109, 466.

1111111, 684.
Iurisconsultus, 926.

111, 926. 626. 706.

—- in, 111111409426505.
—— (11111), 498

- pejeratum, 102.

. -ρ1111111111,942

- privatum, 709.
- respondendi, 926.
1116111, 966

11161611, 66, 126.
111611, 144.
11111111, 718.
Iuvenis, 12, 177, 696.

’ Iuventus, 68.

Labienus, 164, 168.
11611111, 966.
laboriosus, 917.
labrum, 970.

lacerna, 129, 629.
lacrimose, 664
1116111, 497.

lacunar, 122, 127, 486.
Inous, 967.

-- Nemorensis, 976

-111111111, 111. 1161
161111111111111. Ι· ’ ’

111, 111, 1111111111, 111661111111613111- ·’ ’

964, 966, 629, 692, 667, 6111979.

669, 688. 1161110166, 266.
1111111111, Greek, 40, 48. —-· 1111616161, 266.
Ingenium, 199.
Ingenuus, 181, 991, 648, 1111111 8111161, 979.

718. 1133611997.

Ing luvies, 988. Jugis, 616.

&ww 11111 gens, 260, 609.
1161111, 271. 111111 011111, C.. 7,149,
1111111111, 269

1m,srr.-³⁹⁶‘
1111161--10161711
11111,6,118.1111,164.
1111116970 37111611 85gurg
111111116461111 16, 472. -ui-R' 1161111267 19
111116111, 812. - respondere, 668.
1111116111611,616. 1111111111161, 909.

1111626446149611. langa

,6111111607 kq,

11161111 stomachus, 460.
16666 ...
11611, 467, 477

·-- -,111111,990994.

 

