762

11611666, 6.

1161161616, 641.

1161166, with 6 dative, 587.

1161661616, 1116166 6661661-
611, 260.

Membrone, 469.

Memoria 1661111166, 491.

Memphis, 204.

Menas, 181, 281.

Menon fundus, 188.

1166616611, 337.

Menenia (P. Rupilius), 406.

1166666166, 281.

11666, 228, 664, 684.

Mense, 496.

11616666, 691.

1131611161, 70, 200, 828, 460,

116166661166, 616, 692.

Merces, 467.

Mereory, 11. 61, 616.

116161111, 342.

Meroe, 698, 688.

11611, 251.

M 616116, 602.

1161616, 160.

Meteior, 467.

Metempeyohoeir, 661.

1161111, 282, 298.

116116, 136.

11616616, 609, 687.

116166 6661616, 488.

11116 61 Mille, 929, 479.

Milia, 329, 402, 479.

Militare, 564.

Militari, 271.

Militury tribunes, 894.

Μ111116, 218, 460.

1111666, 837, 622.

111161, 426, 622, 649, 676,

11166, 682.

Minori, 694 611.

111661161, 899, 696.

11161166 provooere, 864.

Minor, 666 of, 109.

Minturnae, 881.

Mirnri, 20.

Μ111616, 246.

Miser, 466, 722.

’ 11116166, 493.

11661, 87.

11666, 66, 848, 427, 486.

Modus, 616.

Mola 66166, 479.

Μ6111666, 689.

1161111111, 196.

1161111166, 466.

Momentum, 826, 699.

1166666616, 691.

Monumente, 418.

11666, 1611666666 61, 494.

INDEX

Morari, 208, ³64, 498.
11616166, 728.

Morbus 1163166, 729.
1161661, 632.
Mordere, 620.

116166, 200, 232.

1166, 282.

Movere, 168, 898.
Moveri (11666), 690.
11611666, 394.

Mullus, 462.

11616661, 348, 460.
Multa in roeo, 20.
11611616, 87, 476, 611.
1161166, 410.
1166611166, 20.
1166666, 88, 464.
—— (661.), 671.
1166616 fungi, 696.
Μ66116, 266. ο
Μ6666, 64.
Muraena, 542.
1161666, 90.
116161, 128, 494, 601, 676,
116116, 498, 642.

11611666, 178.

11611616, 620.

116166, 147.

Mum, 1161661611, 663, 606,
116666, 83. =

Muehroom, 498.

116616, Greek, 716.
1166161666, street, 387.
11661616, 493.

1161616, 44, 272, 298, 482.
Mutus pierio, 224.

Myrtus, 120.

1116161166, 187, 142.
1111161631, 6661116166 61,

11.

Nam, 465, 467, 554.

116616 (16661116), 862.
11616661161111666, 110, 842.
—, inverted, 90.
—, plural, 668.
—, plural 1616163.,34.
——, proper, 16116 plur,

11616616, 805.

, 11111666, 250.

Nnree, 649.

Nesus 6666666, 391.
i Notum, 356.

Nouio, 68, 328.

i 1161131616, 666.

116166, 678.

116, 94, 867, 478

-(66611116), 428, maone.

-16116,446.

116-66, 421.

Nebula, 179.

Nebulo, 884.

1166, 22, 86, 178.

N 66-61, 898.

1166616, 706.

1161116166, 674

1163611116 end positive eeu-
166666, 826.

Negotia, 679.

Negotiator, 274, 406, 679.

Nempe, 426.

Nemus, 169.

116616, 818, 663.

Neptunalia, 210.

Neque, 168.

Nerva, 379.

Nervi, 489.

Nescio 66, 471.

17666166, 22, 141.

1166666, 280.

11616 for 11166, 276.

Neuter adjectivee, 112.

-- plurei, 280.

1113611636166, 488.

Nigri 13666, 261.

1111 661, 463.

Nimirum, 596.

1111616468.

111166 eupitie, 252.

Nobilis, 893.

11666666, 661.

116666, 194.

Nomen, 192, 209, 221, 624,

- end numen 666-
1666666, 668

Nomenoletor, 540, 581.

Nomine verbaque, 716.

---666116661111, 716.

Non, 869, 390, 480, 601.

-, for ne, 38, 641.

-- 66666-61, 203.

116666, 278.

1161166, 706.

Noster (ipse), 620.

11616, 92, 866, 428.

- 66666116, 398.

Noram, ³63, 372, 392, 661.

Notarius, 399.

11616 verbe, 221.

Nouendialis, 819.

Novem, 286.

Novus homo, 893.

Nox, 189.

116666, 476.

“ 1166616, 607.

116666, 182.

 

