768 ' mnnx

⁴ Trahere, 228, 807. Ungere, 816. 76116166, 240.
najeotm, 4001163616, 160, 860, 721. 766666, 690.
Trepidere, 109, 247, 600. Unus, 465, 521, 596, 692. Vena, 126
75661066, 140. Urbanus, 597, 621. venabulum, 568.
Ι6661556666, 876 Urceus, 702 766611661τί1, 068.
711566, 562. Urere, 16, 6027666116, 176, 829, 668.
76156166, 444. Urgum, 129, 242. Vendere, 665.
7616116166, 871. 06, 580. Venenum, 269.
-urio, 711. venerari, 266, 456, 515.
Urna, 98, 187, 880, 442. Venter, 820.
Um 111666, 218. 76616666, 678.
066166, 609. ,Veuu0,11,14.
Usque, 215, 698. -3--· 11511166,517.
06666616, 692. -· throw diue), 101.
p , , . Usury, 554. --,1³mitele’ statue
’6616666561 6666666666 222. Usus, 109, 856, 609, 690, 66, 68.
Triump Ρ,56166 144. 694. 7666616, 148, 241.
7616666566, 228, 297. 115, 208,229,271,278,288, 766616466846.
’1616666161666116166 268. 820, 857, 869, 691, 895, Verendum. 121.
ravin, 195. 400, 448. 76656,’ 66666616, 548.
nou, 148. -how, 81, 275, 814. -dmm
Trochus, 201, 450, 725. - following 66 adjective, — nomineque, 856.
168666, 508 818, 888, 475, 522, 527, 7656166565, 562.
Trucidere, 610. 687. Verbum, 49, 246.
6666656166, 852 . enoun,688. 76656616651136116, 518.
156116, 475 -nunu 661, 416. 7666666666, 569.
'Pr-utine, 854, 660. - (omitted), 272, 888. Vereor, 857, 865.
16, 516, 529, 564. -tamen, 522. 7666278682.
Tube, 5. Utne, 504. Vertere, 482.
7616566· ,080 680. Utiliter. 856. Versus, 212.
1666116617. Utrumne-un, 271, 464, Vertere, 77, 717.
766166, 840. 522. vertex, 105, 198. 247.
7666166566, 591. 06666666, 522. Verum (811666), 489, 594,
Turbo, 816. 061666, 182. 611.
rudus, 508, 622. Uxoriue, 10. Veruntamen, 827.
’1666163-16156, 729. Vesper-tinne, 814.
nunu, 566. 7666126666, 412.
Tus, 010. 7666616 66 611666 eudbronne, ’

mela, 285, 507, 550, 557. 7. 860.
165665497614114·
76166, 474. Vacuus, 21, 507, 589, 625, Vesuvius, 565116 66, 898.
Tuus, 57. 688. Vetere, 478.
Twelve 765166, 867, 445, 760661, 420. 76566666, 595.

481, 658, 671. Vnda, 826. 7616166, 179, 252.
Τγιῃμῃῃιῃ,179,72(11111011111111,326,420,424. Via Appi& ΒΜ.

76666, 459. “ - honestiust, 418.
11812818· 5.3?.¹2‚‘²9¹}?’⁴⁰54‡²⁴³³” ³

--66666, 621. 71666166, 581.
U. , Valeo, 76, 827. 7166, 254
Valeria, 418. 716616, 819, 427, 728.
mm, 386 761666, 524. vices, 707.
Ultro, 229, 865, 409, 442, 76666, 260. 7611616190.
485, 505, 511, 529, 690. 766 66884, 878. Victoria, 641.
myssa, 212. 76166, 852, 468. Vinus, 694.
1165111666, 807 78188. 659· ·-· Thumi& 050 678
umbra, 540 575, 590. ve, 604. ruder, 66. ¹
Unctus, 728. Vectigal, 189, 188, 4567616616, 282.
Unde, 88, 208, 892, 466, 7636565166, 408, 521, 572. 7016622.

517 Vehure, 214. 71111666, Vilicus, 615.
...- domo, 590. Vel, 274, 6006 71118172, 541.
Undergirding, 89. 76116, 695. Vincere, 845, 857, 481.

 

