A.

4515455), 817.
Absens, 898, 449.

Abdero, 150.
Abl, 695.

45151155, 8, 22, 87, 111, 116,
154155, 254, 270, 275,

866, 588.
Abludsre, 489.
4115555515, 449.
Abolla, 688.
4155551555, 488.
45556555, 511.

45, 829, 482.

nessus. 162.

45555155 referre, 677.

Δΰθθρω, 2675 670.

4555551155, 256, 812, 857,
468, 512, 585, 574.

4511551 Ludi, 51.
Aetium, 88, 269, 295.
-—- ,45511551 265.
451555, 688, 718.
Acumen, 488, 685.
45515 55111, 280.
Anulus morbus, 476.
4115551555, 598.

Ad 115555, 862.
Addere, 150, 684
46115555, 518.
46155555. 575.
Adesse, 421.
4611555155 5551, 247.

INDEX

ΤΟ THE Nonus,

Adon, 528.

Adonea, 229.

Adoreum, 884

4655515555, 145, 645.

4655555155, 424.

Adversus, 480.

4655551555, 826.

4651155551, 818.

41511555, 845, 580.

Adusque, 888, 887.

45515551, 598.

Aedes, 480.

Aedituus, 676.

451155 651155, 66, 76, 117

Aemilia, 894.

485555, 147, 477, 558.

455155, 14.

45555155, 659.

Aeque 51, 208.
-(55555156), 550.

Aere, 899.

4555 ,872

4551 i,snum 688.
1111183

4551555115, 58.

. 455155, 561.

45155, 651.
Aeternum, 258.
45155, 18.
455555, 15, 567.
41151155, 465.
4613555, 455.
4151555552..3
171...
Agens, 828, 507, 594.
Agger, 418.
Agim, 711.
435511, 481.

4511551155 51 time, 12, 814, 4351555555555698.

492, 528.

Adjnnelns, 718.
4615155, 421.
4515515551, 577.
4655111555 555155, 480.
Adolescens, 12.

mmmmmm

411, 649.

41551, 454.

Albe 11555, 615, 680.
Album J udienm, 878.
4155555659.

4155555, 87, 71, 800.

Alcman, 707.

Ales, 201.

Alex, 496.

Alexander, 188, 802, 657.

Alexandria, 202.

Alius. 460. 677.

411118οῌ587.

Alloqulum, 805.

Almus, 150, 286, 268.

4115 semite, 418.

Alter, 49.

ᾗ, Ἑὰωήηςδγ, 656.

5,

4111155, 589.

41155174. 288.

Alumnus, 186, 196.

41515, 894.

Amalthea, 162.

Amans, 112.

Annum, 57.

-37—1 (15 be 5551), 181,

Amator, 551. ,

455155ξέ5 508.

45551155, 866, 896, 484.

4551115555, 81.

4551555155, 887.

Ambulare, 869.

455155 animo (1555, 287.

4551155, 276.

Amoenus, 625.

Amor, 849.

Amphiaraus, 181.

Amphora, 29, 92, 165, 541,
691, 702.

Amplius, 880.

Ampulla, 567, 70⁸.

Amyntas, 296.

Amystis, 81.

45, 880.

45555555, 45.

4551115,154.

Ancilla. 247.

Anguis, 116.

Animi, 178.

Animosne, 406.

85

 

