764 INDEX

201010100605. 20011, Greek, charged with 2100011600202.
20110010, 270. (1100100000, 646. 21060100, 160.
2011000111, 635. 201, 593. 21100, 119.
201111111οι0, 600. Pollex, 641. 2110000012.
Peritua, 195. Pollio, 375. 2111001, 166, 193.
2011111110, 474. Polydorus, 468. Privatae, 707.
Perjury, lorera’, 102, 909. Polypus, 951. 211101, 504.
201011, 276. Pompeius Sex, 98, 281, 210 (proh !), 154.
Perpeti, 16. 292, 295. 21000001001, 177.
Perpetuam canueu, 25. Pomptina 11111100, 977, Procne, 249.
Persequi, 140, 416. 705. Procul, 524, 689.
Peraeae, 195. 201111011011100, 582. 2100010100,89,90.
Peraoua, 942, 720. Ponere, 238, 944, 451, 491. Procurator, 506, 575,
2010001101, 369. — 10 00001, 492, 609. 609.
Perusia, 292, 911, 975. Pontifex 11111001, 216. peni, 450.
20100100, 282. 2001111000119. 21011ςί, 481.
2011111010, 940. —-—, their 50011, 659. Prodigialiter, 702.
Petere, 197. 200101, 99. 2101100010, 264.
2010111100, 401, 519, 675. 20001101, 591. 21010110, 298.
20101, 556. Popina, 490, 529, 616. Prohibere, 551.
Phaeaciana, 562. Poplar, 26, 92. “ 2100111010, 464
Phaedrus, Plato'a, 116. 2011001111, 169. Promulaia, 947, 450, 597.
2111110310, 18. Porrigere, 189. 210001, 450, 575.
Phalaris, bullus, 564. 20110, 580. 2100000, 0010οο11, 6, 195,
2111001οο00Ιο0, 397. Porticus, 974, 467, 554, 222. 929.
Philip, 181. 578. —-, 0000000110, 271,
Philomela, 249. --- Philippi, 430. 965.
2110110058164. Poenum, 172. Prope, 254, 956, 466, 577,
2110011, 551. Post, 194, 632. 667.
21000, 207. Poatgenitue, 199. Propellere, 338.
210110, 224. 20011000, 575. Properare, 566, 666.
rim 969, 982, 725. 201001, 14, 21, 214, 216, 2100110100664.
21100100, 674. 269, 709. 2100110710.
211000, 614, 20100101, 702. Proprius, 515.
210601, 707. Potae 010, 919. Propugmeula. 270.
Pinna 011101, 495. Potor, 195. 21010010, 79, 290.
2011010100, 495. 2011011, 702. 21001, 112.
2110101111, 120. 2110010111, 652. Proterere, 156, 296.
Pituita, 455, 558. 2000100101, 977. 21011000, 505, 609, 641.
21100011, 540. Praeeo, 400, 459, 591, 21001, 521.
Placetne? 919. 728. Proximus, 99.
Plagae, 276, 569, 640. 2100001611, 279. 21011001, 471, 480, 693.
21130001, 665. Praedium, 520, 615. 2110100100, 475.
2101100635. Praefectura, 980. Publica, 554.
21110, 449. Pra 11101, 524. Publius Syrus, 427.
Platea, 687. Prae 0110, 547. Pudens prave, 707.
21110οἱ01011, 261. Praemia, 597. Pudor, 56.
Plaudite, 712. Praepetea 1100, 206. —— malua, 625.
21010, 176, 528, 559. 21101001, 77, 452, 554. 200111, 109, 177, 247.
Pleuua 110000, 186. Praeteritae, 999. Puellae (110110), 126.
Plerumque, 508, 701, 707. 200101110721. 2001, 177, 207, 266, 392,
21001, 244 Praetor, 409. 4741728.
21001001, 516. Praevaricari, 952. 200011106111435.
2101110, 000 oi, 126, 259, Praevertere, 851. Pulcher, 709.

274. Prandium, 379. Pulchre 0000, 599.
210101, 974, 695. Pretium, 717. 201101, 951, 414.
21011001, 25, 695. 211101, 459, 591. 2010001101, 451.
2101 nimio, 47. Praxitelea' Venua, 68. 201000100640.
2011100, 546. 2111011,195,289,516, 528, Pulpitum, 649, 673, 716,
2000, 1101101110οο1, 966. 571, 628, 669. 721.
Poene, 142. “ 21000, 694. Pulvere, aiuc, 552.
2001, attributes of, 366. 12100010, 69. 20011, 651.

 

